AZ.BZN.		33.4915		-116.667	0	0	0
AZ.CPE.		32.8889		-117.1051	0	0	0
AZ.CRY.		33.5654		-116.7373	0	0	0
AZ.FRD.		33.4947		-116.6022	0	0	0
AZ.HWB.		33.0262		-116.9596	0	0	0
AZ.KNW.		33.7141		-116.7119	0	0	0
AZ.LVA2.	33.3516		-116.5615	0	0	0
AZ.MONP2.	32.892		-116.4223	0	0	0
AZ.PFO.		33.6117		-116.4594	0	0	0
AZ.RDM.		33.63		-116.8478	0	0	0
AZ.SMER.	33.4577		-117.1708	0	0	0
AZ.SND.		33.5519		-116.6129	0	0	0
AZ.SOL.		32.841		-117.248	0	0	0
AZ.TRO.		33.5234		-116.4257	0	0	0
AZ.WMC.		33.5736		-116.6747	0	0	0
BK.BDM.		37.95397	-121.86554	0	0	0
BK.BKS.		37.87622	-122.23558	0	0	0
BK.CMB.		38.03455	-120.38651	0	0	0
BK.CVS.		38.34526	-122.4584	0	0	0
BK.HOPS.	38.99349	-123.07234	0	0	0
BK.JCC.		40.81745	-124.02955	0	0	0
BK.JRSC.	37.40373	-122.23868	0	0	0
BK.MHC.		37.34164	-121.64257	0	0	0
BK.ORV.		39.55451	-121.50036	0	0	0
BK.SAO.		36.76403	-121.44722	0	0	0
BK.WDC.		40.57988	-122.54113	0	0	0
BK.WENL.	37.62211	-121.75697	0	0	0
BK.YBH.		41.73193	-122.71038	0	0	0
BK.HAST.	36.3887		-121.5514	0	0	0
BK.HELL.	36.6801		-119.0228	0	0	0
BK.KCC.		37.32363	-119.3187	0	0	0
BK.PKD.		35.94517	-120.5416	0	0	0
BK.RAMR.	35.63597	-120.86984	0	0	0
BK.SCZ.		33.99532	-119.63435	0	0	0
BK.TCHL.	35.68812	-120.40092	0	0	0
BK.THIS.	35.72405	-120.400916	0	0	0
BK.TRAM.	35.67691	-120.40092	0	0	0
BK.TSCN.	35.54398	-120.34806	0	0	0
CI.ADO.		34.55046	-117.43391	0	0	0
CI.ALP.		34.68708	-118.29946	0	0	0
CI.BAK.		35.34444	-119.10445	0	0	0
CI.BAR.		32.68005	-116.67215	0	0	0
CI.BBR.		34.2623		-116.92075	0	0	0
CI.BBS.		33.92139	-116.98058	0	0	0
CI.BC3.		33.65515	-115.45366	0	0	0
CI.BCW.		34.94009	-119.41313	0	0	0
CI.BEL.		34.0006		-115.9982	0	0	0
CI.BFS.		34.23883	-117.65853	0	0	0
CI.BHP.		33.99053	-118.36171	0	0	0
CI.BLA2.	34.06931	-116.38993	0	0	0
CI.BLY.		33.7503		-114.52375	0	0	0
CI.BOM.		33.36465	-115.72963	0	0	0
CI.BOR.		33.2682		-116.41716	0	0	0
CI.BRE.		33.80776	-117.98116	0	0	0
CI.BTP.		34.68224	-118.57398	0	0	0
CI.CAR.		35.30819	-119.84583	0	0	0
CI.CCC.		35.52495	-117.36453	0	0	0
CI.CGO.		36.5504		-117.80295	0	0	0
CI.CHF.		34.33341	-118.02585	0	0	0
CI.CHN.		33.99879	-117.68044	0	0	0
CI.CIA.		33.4019		-118.41502	0	0	0
CI.CJM.		34.27117	-117.42448	0	0	0
CI.CLC.		35.81574	-117.59751	0	0	0
CI.CLT.		34.09284	-117.31687	0	0	0
CI.CTC.		33.65516	-115.99006	0	0	0
CI.CWC.		36.43988	-118.08016	0	0	0
CI.DAN.		34.63745	-115.38115	0	0	0
CI.DEC.		34.25353	-118.33383	0	0	0
CI.DEV.		33.93597	-116.57794	0	0	0
CI.DGR.		33.65001	-117.00947	0	0	0
CI.DJJ.		34.10618	-118.45505	0	0	0
CI.DLA.		33.84822	-118.09624	0	0	0
CI.DNR.		33.56667	-116.63056	0	0	0
CI.DPP.		32.99889	-116.94187	0	0	0
CI.DRE.		32.80532	-115.44679	0	0	0
CI.DSC.		35.14255	-116.10395	0	0	0
CI.EDW2.	34.8811		-117.99388	0	0	0
CI.EML.		32.89083	-116.84566	0	0	0
CI.ERR.		33.11652	-115.82273	0	0	0
CI.FHO.		34.09355	-116.93588	0	0	0
CI.FIG.		34.72832	-119.98803	0	0	0
CI.FMP.		33.71264	-118.29381	0	0	0
CI.FUR.		36.46703	-116.86322	0	0	0
CI.GATR.	34.55266	-120.50235	0	0	0
CI.GLA.		33.05149	-114.82706	0	0	0
CI.GMR.		34.78457	-115.65994	0	0	0
CI.GOR.		33.1537		-117.22921	0	0	0
CI.GR2.		34.11816	-118.30024	0	0	0
CI.GRA.		36.99608	-117.36621	0	0	0
CI.GSC.		35.30177	-116.80574	0	0	0
CI.HEC.		34.8294		-116.335	0	0	0
CI.HLL.		34.17643	-118.35967	0	0	0
CI.IDO.		33.79678	-116.22152	0	0	0
CI.IKP.		32.65012	-116.10948	0	0	0
CI.IPT.		34.19701	-117.28498	0	0	0
CI.IRM.		34.15738	-115.14513	0	0	0
CI.ISA.		35.66278	-118.47403	0	0	0
CI.JEM.		33.08098	-116.59755	0	0	0
CI.JRC2.	35.98249	-117.80885	0	0	0
CI.JVA.		34.36622	-116.61266	0	0	0
CI.LAF.		33.86889	-118.33143	0	0	0
CI.LCG.		34.00033	-118.37794	0	0	0
CI.LCP.		34.73551	-120.27996	0	0	0
CI.LDF.		35.13066	-115.18416	0	0	0
CI.LDR.		34.9906		-118.34156	0	0	0
CI.LFP.		34.30529	-118.48805	0	0	0
CI.LGB.		33.9753		-118.14918	0	0	0
CI.LGU.		34.10819	-119.06587	0	0	0
CI.LJR.		34.80762	-118.86775	0	0	0
CI.LLS.		33.68447	-117.94304	0	0	0
CI.LMR2.	34.93439	-117.69629	0	0	0
CI.LPC.		34.31478	-117.54642	0	0	0
CI.LRL.		35.47954	-117.68212	0	0	0
CI.LTP.		33.8811		-118.17568	0	0	0
CI.LUC2.	34.45638	-116.96423	0	0	0
CI.LUG.		34.3656		-117.36683	0	0	0
CI.MCT.		34.22645	-116.04073	0	0	0
CI.MGE.		33.81841	-116.36874	0	0	0
CI.MLAC.	37.63019	-118.83605	0	0	0
CI.MPI.		34.81258	-119.1453	0	0	0
CI.MPM.		36.05799	-117.48901	0	0	0
CI.MPP.		34.88848	-119.81362	0	0	0
CI.MSC.		34.03852	-116.64795	0	0	0
CI.MSJ.		33.80801	-116.96789	0	0	0
CI.MTP.		35.48434	-115.5532	0	0	0
CI.MUR.		33.59999	-117.19543	0	0	0
CI.NBS.		34.78035	-116.55798	0	0	0
CI.NJQ.		34.53412	-120.17737	0	0	0
CI.NSS2.	33.55553	-115.94586	0	0	0
CI.OLI.		33.94539	-117.92372	0	0	0
CI.OLP.		32.60771	-116.93019	0	0	0
CI.OSI.		34.6145		-118.7235	0	0	0
CI.PDE.		34.44199	-118.58215	0	0	0
CI.PDM.		34.30336	-114.14152	0	0	0
CI.PDR.		33.96273	-118.43702	0	0	0
CI.PDU.		34.1207		-117.63808	0	0	0
CI.PER.		33.86164	-117.20529	0	0	0
CI.PHL.		35.40773	-120.54556	0	0	0
CI.PLM.		33.35361	-116.86265	0	0	0
CI.PLS.		33.7953		-117.60906	0	0	0
CI.PMD.		33.64785	-116.37769	0	0	0
CI.PSD.		33.82393	-116.55026	0	0	0
CI.PSR.		34.09181	-117.80709	0	0	0
CI.RIN.		34.28196	-118.47925	0	0	0
CI.RIO.		34.10473	-117.97956	0	0	0
CI.RPV.		33.74346	-118.40412	0	0	0
CI.RRX.		34.87533	-116.99684	0	0	0
CI.RSS.		33.97327	-117.32674	0	0	0
CI.RUS.		34.05075	-118.08078	0	0	0
CI.RVR.		33.99351	-117.37545	0	0	0
CI.RXH.		33.18313	-115.62257	0	0	0
CI.SAL.		33.2801		-115.98585	0	0	0
CI.SBB2.	34.68844	-117.82424	0	0	0
CI.SBC.		34.44076	-119.71492	0	0	0
CI.SBI.		33.48046	-119.02986	0	0	0
CI.SBPX.	34.2324		-117.23484	0	0	0
CI.SCI2.	32.9799		-118.54697	0	0	0
CI.SCZ2.	33.99543	-119.6351	0	0	0
CI.SDD.		33.55259	-117.66171	0	0	0
CI.SDG.		32.784		-117.13805	0	0	0
CI.SDR.		32.73561	-116.94241	0	0	0
CI.SES.		34.43692	-119.1375	0	0	0
CI.SHO.		35.89953	-116.2753	0	0	0
CI.SLA.		35.89095	-117.28332	0	0	0
CI.SLB.		33.48519	-115.86643	0	0	0
CI.SLR.		33.83359	-116.79737	0	0	0
CI.SMF2.	34.02199	-118.44629	0	0	0
CI.SMI.		34.03818	-120.35132	0	0	0
CI.SMM.		35.3142		-119.99581	0	0	0
CI.SMR.		35.37699	-120.61247	0	0	0
CI.SMW.		35.01108	-120.40997	0	0	0
CI.SNCC.	33.24787	-119.52437	0	0	0
CI.SNO.		34.03515	-116.80778	0	0	0
CI.SNR.		32.86189	-115.43596	0	0	0
CI.SOF.		33.37055	-117.5574	0	0	0
CI.SPF.		34.05933	-118.64614	0	0	0
CI.SPG2.	36.20057	-118.76624	0	0	0
CI.SRI.		33.97875	-120.07886	0	0	0
CI.SRN.		33.82854	-117.78938	0	0	0
CI.STC.		34.30302	-119.18676	0	0	0
CI.STG.		33.664		-117.76856	0	0	0
CI.STS.		33.79033	-118.19878	0	0	0
CI.SVD.		34.10647	-117.09822	0	0	0
CI.SWS.		32.94508	-115.79988	0	0	0
CI.SYP.		34.52775	-119.97834	0	0	0
CI.TA2.		34.38203	-117.67822	0	0	0
CI.TEH.		35.2913		-118.42079	0	0	0
CI.TFT.		35.14592	-119.41946	0	0	0
CI.TIN.		37.05422	-118.23009	0	0	0
CI.TOR.		33.57526	-116.22584	0	0	0
CI.TUQ.		35.43584	-115.92389	0	0	0
CI.USC.		34.01919	-118.28631	0	0	0
CI.VCS.		34.48372	-118.11781	0	0	0
CI.VES.		35.84089	-119.08469	0	0	0
CI.VOG.		36.32098	-119.38226	0	0	0
CI.VTV.		34.56065	-117.3296	0	0	0
CI.WBS.		35.53664	-118.14035	0	0	0
CI.WES.		32.75904	-115.73161	0	0	0
CI.WGR.		34.51085	-119.27407	0	0	0
CI.WLT.		34.00948	-117.95077	0	0	0
CI.WSS.		34.1717		-118.64971	0	0	0
CI.WTT2.	33.94867	-118.25539	0	0	0
CI.WWC.		33.94068	-116.40876	0	0	0
